kernel svm

Classification Report

              precision    recall  f1-score   support

           0       0.96      0.99      0.97       980
           1       0.97      0.99      0.98      1135
           2       0.95      0.93      0.94      1032
           3       0.94      0.94      0.94      1010
           4       0.92      0.96      0.94       982
           5       0.94      0.93      0.93       892
           6       0.95      0.97      0.96       958
           7       0.95      0.92      0.94      1028
           8       0.95      0.93      0.94       974
           9       0.93      0.92      0.92      1009

    accuracy                           0.95     10000
   macro avg       0.95      0.95      0.95     10000
weighted avg       0.95      0.95      0.95     10000


Confusion Matrix

[[ 966    0    1    0    2    4    5    1    1    0]
 [   0 1119    3    2    0    1    4    1    5    0]
 [   8    2  964    8   12    0    9   11   18    0]
 [   1    1   13  946    0   24    1   12    9    3]
 [   1    1    4    0  939    0    8    3    1   25]
 [   6    3    3   20    8  829   12    1    6    4]
 [   9    3    3    0    8    5  928    0    2    0]
 [   0   16   19    3    8    0    0  948    2   32]
 [   6    1    7   16    9   15    6    5  902    7]
 [   6    7    2   12   35    4    0   11    7  925]]

accuracy: 0.9466
running time: 19.47 seconds