knn

Classification Report

              precision    recall  f1-score   support

           0       0.93      0.99      0.96       980
           1       0.89      1.00      0.94      1135
           2       0.96      0.91      0.94      1032
           3       0.93      0.92      0.92      1010
           4       0.94      0.92      0.93       982
           5       0.93      0.91      0.92       892
           6       0.96      0.97      0.96       958
           7       0.94      0.92      0.93      1028
           8       0.96      0.86      0.91       974
           9       0.90      0.93      0.91      1009

    accuracy                           0.93     10000
   macro avg       0.94      0.93      0.93     10000
weighted avg       0.93      0.93      0.93     10000


Confusion Matrix

[[ 970    1    1    0    0    1    5    1    1    0]
 [   0 1130    0    2    0    0    3    0    0    0]
 [  18   32  941    6    2    0    6   21    6    0]
 [   4    9    9  927    1   27    1   10   16    6]
 [   1   23    2    0  906    0    9    1    0   40]
 [   7    5    1   29    7  816   13    1    6    7]
 [  13    7    0    0    4    4  930    0    0    0]
 [   1   41    6    2    8    1    0  945    0   24]
 [  21    8   16   22   10   21    4   10  839   23]
 [   6    9    3    9   23    4    1   16    3  935]]

accuracy: 0.9339
running time: 1.07 seconds