linear svm

Classification Report

              precision    recall  f1-score   support

           0       0.94      0.97      0.96       980
           1       0.96      0.99      0.97      1135
           2       0.89      0.90      0.89      1032
           3       0.88      0.90      0.89      1010
           4       0.87      0.95      0.91       982
           5       0.88      0.87      0.87       892
           6       0.95      0.92      0.94       958
           7       0.92      0.90      0.91      1028
           8       0.90      0.83      0.86       974
           9       0.90      0.87      0.88      1009

    accuracy                           0.91     10000
   macro avg       0.91      0.91      0.91     10000
weighted avg       0.91      0.91      0.91     10000


Confusion Matrix

[[ 955    0    3    1    1    6    6    2    3    3]
 [   0 1118    1    3    1    3    3    0    6    0]
 [  11   10  927   20   15    3    9   11   24    2]
 [   3    3   20  910    3   32    2   12   15   10]
 [   1    1    9    0  933    0    5    4    1   28]
 [  12    3    5   42   15  772   11    2   22    8]
 [  13    2   18    2   17   16  886    1    3    0]
 [   1   15   32    5   11    3    0  922    4   35]
 [  12    7   21   46   14   37    8   15  804   10]
 [   4    9    4    8   57   10    0   36    7  874]]

accuracy: 0.9101
running time: 5.9 seconds