logistic_regression

Classification Report

              precision    recall  f1-score   support

           0       0.95      0.98      0.96       980
           1       0.96      0.98      0.97      1135
           2       0.93      0.90      0.91      1032
           3       0.90      0.91      0.91      1010
           4       0.94      0.93      0.93       982
           5       0.91      0.88      0.89       892
           6       0.94      0.95      0.94       958
           7       0.94      0.92      0.93      1028
           8       0.87      0.88      0.88       974
           9       0.91      0.92      0.92      1009

    accuracy                           0.93     10000
   macro avg       0.92      0.92      0.92     10000
weighted avg       0.93      0.93      0.93     10000


Confusion Matrix

[[ 959    0    0    3    1    7    5    4    1    0]
 [   0 1111    4    2    0    2    3    2   11    0]
 [   6    9  926   16    9    4   13    6   39    4]
 [   4    1   18  917    1   22    4   11   25    7]
 [   1    1    7    3  914    0   10    4   10   32]
 [  10    2    3   34    7  783   14    6   29    4]
 [   9    3    8    2    7   14  912    2    1    0]
 [   1    8   24    5    7    1    0  950    3   29]
 [   9   11    8   23    7   25   12    7  861   11]
 [   9    8    0   11   24    6    0   19    7  925]]

accuracy: 0.9258
running time: 7.58 seconds