neural network

Classification Report

              precision    recall  f1-score   support

           0       0.97      0.96      0.97       980
           1       0.96      0.98      0.97      1135
           2       0.94      0.94      0.94      1032
           3       0.92      0.94      0.93      1010
           4       0.96      0.95      0.96       982
           5       0.92      0.94      0.93       892
           6       0.96      0.96      0.96       958
           7       0.94      0.95      0.94      1028
           8       0.95      0.91      0.93       974
           9       0.95      0.93      0.94      1009

    accuracy                           0.95     10000
   macro avg       0.95      0.95      0.95     10000
weighted avg       0.95      0.95      0.95     10000


Confusion Matrix

[[ 944    0    8    3    2    4   10    2    3    4]
 [   0 1115    5    3    0    0    2    3    6    1]
 [   3   11  965   14    5    0    3   11   14    6]
 [   2    0   17  951    1   22    1   12    2    2]
 [   2    0    4    0  936    2    9    8    3   18]
 [   4    3    1   15    3  840    8    8    5    5]
 [   8    3    3    2    5   12  922    0    2    1]
 [   0   10   16   10    1    4    0  974    2   11]
 [   6    8    9   27    5   23    2    5  885    4]
 [   3    8    3    7   20    3    2   17    9  937]]

accuracy: 0.9469
running time: 952.52 seconds